100 4
  4.55896795e+00   4.51998703e+00  -4.33208060e+00  -2.88093509e+00 1.000000e-02
  4.09449579e+00  -3.46481611e+00  -3.54392147e+00  -8.72015210e-01 1.000000e-02
 -3.00512316e+00   1.80886341e+00   3.73706646e+00   8.31118579e-01 1.000000e-02
 -4.54324288e+00   4.42538108e+00   3.68951245e+00   1.75228907e-01 1.000000e-02
 -1.53604764e+00  -4.32111832e+00   3.43028154e+00   5.45406512e-01 1.000000e-02
  4.57332525e-01  -2.59034653e+00   1.00170363e+00   1.18252742e+00 1.000000e-02
 -1.83207809e+00  -1.75345176e+00  -4.29131036e+00  -4.96566399e+00 1.000000e-02
 -1.43467006e+00  -4.04554699e+00  -3.75325529e+00  -3.26764287e+00 1.000000e-02
  3.08460320e+00   8.56612265e-01  -4.99262376e+00  -2.62560914e+00 1.000000e-02
  4.12265692e+00  -3.47061712e+00  -1.16224044e+00   3.78840574e+00 1.000000e-02
  3.90877143e-01  -2.50033250e+00  -1.07425194e+00   1.53543102e+00 1.000000e-02
  2.49393800e+00  -1.64961111e+00   3.92949035e+00  -4.79936926e+00 1.000000e-02
 -5.24080011e-01   8.68478827e-01   1.57134888e-01   7.24655305e-01 1.000000e-02
 -3.87110909e+00  -4.93777115e+00   3.59338824e+00   2.41277328e+00 1.000000e-02
  1.16613057e+00   3.16346510e+00  -4.25222041e+00   2.37515078e+00 1.000000e-02
  8.57090706e-01   1.25920719e+00  -5.80139229e-01   4.01447702e+00 1.000000e-02
 -3.93397514e-01  -2.31107957e+00  -1.65611586e+00   1.73461341e-01 1.000000e-02
 -2.39955636e+00   1.32346945e+00   1.57130939e+00   2.33306206e+00 1.000000e-02
  1.27706789e+00  -3.64442309e+00   4.49270817e+00  -2.14051800e+00 1.000000e-02
  6.09968962e-01  -4.95716325e+00   3.55425248e+00  -3.52476810e+00 1.000000e-02
 -1.21959882e+00   1.15947223e+00  -3.29053993e+00   4.16400785e+00 1.000000e-02
 -4.18989724e+00   2.08020680e-01  -2.85525246e-01  -2.58312038e+00 1.000000e-02
  2.24756372e+00   1.18889798e-01   2.32485483e+00  -4.33085305e+00 1.000000e-02
 -2.08191632e+00  -4.57568845e+00   1.39875199e+00  -4.83509515e+00 1.000000e-02
 -4.63512670e+00   9.16914725e-01   4.91897443e+00   2.63163861e+00 1.000000e-02
  1.06197208e+00   2.81112092e+00   3.79811685e+00  -4.24466848e+00 1.000000e-02
 -4.29223711e-01  -2.92318279e+00  -2.58578206e+00   1.29654943e+00 1.000000e-02
  4.17351720e+00  -3.94931358e+00  -5.24077144e-01  -1.30683840e+00 1.000000e-02
  2.94737716e+00   3.29087852e+00  -1.97730476e+00   3.34498225e+00 1.000000e-02
 -3.09390738e-01   1.99915645e+00   7.73941042e-01  -4.22155134e+00 1.000000e-02
 -2.07354019e+00   3.59977214e+00  -3.18722627e+00   4.03804372e+00 1.000000e-02
  3.23015269e+00   3.31706558e+00  -2.69852939e+00  -2.02705930e+00 1.000000e-02
 -1.75803110e+00   4.04859212e+00   4.14636926e+00   2.57605380e+00 1.000000e-02
  4.00106405e+00   4.70548499e-01  -1.53614171e+00   2.98149643e+00 1.000000e-02
  4.52547176e+00  -2.93444002e+00  -2.22646544e+00   4.97122060e+00 1.000000e-02
  6.26481530e-01  -1.11207194e+00   1.26208504e+00  -3.87173359e+00 1.000000e-02
  3.99722126e+00  -2.63582352e+00   2.05551584e+00   4.27741243e+00 1.000000e-02
 -4.25067881e+00   2.79308339e+00  -4.80146237e+00  -8.25639847e-01 1.000000e-02
 -2.60438029e-02  -1.04155830e+00  -4.80374347e+00   3.76843619e+00 1.000000e-02
 -9.88893090e-01   2.01244022e-01   4.04773558e+00   7.13451038e-01 1.000000e-02
  1.28591730e+00   3.58786049e+00  -1.79733993e+00   1.18603138e+00 1.000000e-02
  3.85798694e+00  -1.98704724e+00   3.47537161e+00   2.63580873e+00 1.000000e-02
  5.11840123e-01   4.97499707e+00  -5.79475408e-01   1.66202981e+00 1.000000e-02
  1.32129978e+00   3.38975495e+00  -4.39192417e+00   3.05630936e+00 1.000000e-02
  3.00509376e+00   2.24601426e+00  -3.67116806e-01  -3.46438683e+00 1.000000e-02
  1.88300013e-01   2.88420882e+00   2.59379018e+00  -6.18506133e-01 1.000000e-02
  3.49775931e+00  -3.58762085e+00   2.56652793e+00  -9.92132841e-01 1.000000e-02
 -1.23059965e+00  -2.18081614e-01   7.12671226e-01  -4.36832573e+00 1.000000e-02
  2.17964011e+00  -3.67375360e+00  -5.22921944e-01   2.35579175e+00 1.000000e-02
 -2.73233731e-01  -1.34660858e+00   4.74653575e+00  -1.76209772e+00 1.000000e-02
  4.71616278e+00  -4.67699248e+00  -2.36279429e+00  -3.89311390e+00 1.000000e-02
 -3.74505807e+00  -2.78969060e+00   1.96962291e+00  -1.33712043e+00 1.000000e-02
 -4.72332860e-01   1.91431744e+00  -2.12195166e+00  -4.81102217e+00 1.000000e-02
 -3.23134498e+00   1.69095632e+00   1.60454686e+00   1.56377784e-01 1.000000e-02
  1.73264092e+00   4.03797557e+00  -4.76934395e+00   2.23237516e+00 1.000000e-02
  1.34867331e+00  -3.94222048e+00   1.86514483e+00   2.46231955e+00 1.000000e-02
  4.71272412e+00   2.91843815e+00  -1.28378699e+00   3.36680096e+00 1.000000e-02
 -3.56308957e-01   2.79106860e-01  -1.26841000e-01  -2.66585961e+00 1.000000e-02
 -3.04476345e+00   3.45316870e+00  -1.53305656e+00   2.50243248e+00 1.000000e-02
 -1.96391260e+00   3.86221863e+00   2.32752866e+00  -4.04774479e+00 1.000000e-02
 -3.09697256e+00   4.29413820e+00   3.09397043e+00   4.12556766e+00 1.000000e-02
  4.60850787e+00   4.17754189e+00   3.32260373e+00   2.93165036e+00 1.000000e-02
  4.21588238e+00  -4.00703591e+00  -8.19340315e-01  -2.43041121e+00 1.000000e-02
  2.36671546e+00   3.62808035e+00  -4.86971352e+00   3.00133903e+00 1.000000e-02
 -4.20364870e-01   2.34092598e+00  -1.08973934e+00  -2.04994464e+00 1.000000e-02
  1.90389080e+00   4.91390787e+00   1.52897571e+00   1.99004612e+00 1.000000e-02
 -1.41105276e+00   1.66851049e+00  -3.88478028e+00   2.19394225e+00 1.000000e-02
  5.31418540e-01  -8.22105292e-01  -4.48461812e+00   2.90849074e+00 1.000000e-02
  1.13266770e+00   3.60069774e+00  -2.26986636e+00  -2.72006878e+00 1.000000e-02
  4.76097947e+00  -2.78998652e+00  -4.14724856e+00   1.55259070e+00 1.000000e-02
 -2.86258383e+00   3.60084900e+00   4.28764023e+00  -1.54760072e+00 1.000000e-02
  3.64301875e+00  -7.44602489e-01   3.81323677e+00   3.34209504e+00 1.000000e-02
 -2.18820894e+00  -7.89527818e-01   4.27859849e+00  -2.46017149e+00 1.000000e-02
 -2.71135394e+00   2.69033024e+00  -1.14437645e+00  -3.68608154e+00 1.000000e-02
 -4.03297027e+00   1.28490386e+00  -4.99433168e-01   9.90529299e-01 1.000000e-02
  3.38517231e+00   2.78517512e-01  -4.59839929e+00  -4.49870875e+00 1.000000e-02
 -4.69832902e+00   3.63178660e-01   1.64437757e+00  -6.30988575e-01 1.000000e-02
  3.75585493e+00  -2.81903681e-01  -4.11058604e-01  -3.45505977e+00 1.000000e-02
  3.86378867e+00  -3.27877085e+00  -2.05921803e+00   5.87819286e-01 1.000000e-02
 -1.06930285e+00   3.48134656e+00   4.61453614e+00   2.34273648e+00 1.000000e-02
  3.62121007e+00  -3.34339064e+00  -4.09871853e+00  -4.21606017e+00 1.000000e-02
  1.00903208e+00   3.74353263e+00   4.90667117e+00   3.65588316e+00 1.000000e-02
 -3.20819979e-01  -3.17338014e-01   2.81295499e+00  -4.63277267e+00 1.000000e-02
  3.19259669e+00  -5.93437943e-01   1.49380653e+00  -1.90909479e+00 1.000000e-02
  3.09739108e+00  -1.07266357e+00  -4.86084733e+00  -4.96291359e+00 1.000000e-02
  3.55027303e+00  -1.79467419e+00  -3.03544823e+00  -1.25023669e+00 1.000000e-02
  3.12558018e+00   1.68487598e+00   3.40054949e-02   3.03617663e+00 1.000000e-02
 -4.75008087e-01   3.51206082e+00   1.68831850e+00  -4.12118990e+00 1.000000e-02
  1.85385235e-01  -3.57330694e+00  -2.22482518e+00   4.06886755e+00 1.000000e-02
  2.68475326e+00  -1.13996948e+00  -9.10014659e-01  -4.05671035e+00 1.000000e-02
  3.06307262e+00   4.28657256e+00   1.60036364e+00  -3.77455842e+00 1.000000e-02
 -2.78031079e+00   2.60844191e+00   4.05113508e+00   8.46922686e-01 1.000000e-02
  1.86291564e+00  -3.29095945e+00   3.51428877e+00  -9.54311373e-01 1.000000e-02
 -4.97964670e+00   2.34790797e+00   2.16073707e+00  -2.47422494e+00 1.000000e-02
  4.98918799e+00   3.59088202e+00  -6.49277774e-01  -1.91131900e+00 1.000000e-02
 -4.48851060e-01   3.70684326e+00  -3.28773546e+00  -1.42068586e+00 1.000000e-02
  4.49390236e+00  -1.74348486e+00  -1.81130728e+00   2.54671513e+00 1.000000e-02
 -4.61386813e+00   4.37122106e+00  -9.68232780e-01  -4.40604844e+00 1.000000e-02
  2.21372333e+00  -2.46240276e+00  -3.17748381e+00  -7.00328992e-01 1.000000e-02
  1.74927204e+00   8.65260210e-01   4.50263297e+00  -1.30013381e+00 1.000000e-02
