100 4
 -3.69176285e+00  -1.77184496e+00   2.96631582e+00   3.64397053e+00 
  4.25713373e+00   4.26859315e+00   2.72989960e-01  -1.78903152e+00 
  5.98264887e-01   1.30117238e+00  -2.34075985e+00   2.67869952e+00 
  2.54136848e+00   1.18955980e+00   1.53907923e-01  -4.95808153e+00 
  4.77515220e+00   1.71497061e+00   3.27339878e+00   1.03730645e+00 
 -3.54841287e+00   4.22587614e+00  -1.99162578e+00   7.45607625e-03 
 -3.89258047e+00   3.03888283e+00  -3.99307981e+00  -2.94598935e+00 
 -2.74822954e+00   1.57149541e+00   4.67432357e+00   3.38935112e+00 
  4.78426837e+00   4.68801503e+00  -3.61287832e+00   2.37736614e+00 
  3.05392370e+00  -1.10811308e+00   9.89048255e-01  -4.10935879e+00 
  1.71956003e+00  -8.53167760e-01   3.43715859e+00  -3.49267016e+00 
  4.10970001e+00   4.48529971e+00  -4.26824086e+00  -2.03653223e+00 
 -4.86164027e+00  -3.73119287e+00  -2.12758531e+00   3.05497549e-01 
 -1.24802842e+00  -4.37109223e+00  -7.20220292e-01   1.73255685e+00 
 -4.71079443e+00  -3.10694686e+00  -2.90144318e+00  -3.92700805e+00 
  8.23780603e-01  -3.62077223e+00   4.84602183e+00   2.52748415e+00 
  2.09373118e+00  -4.45022572e-03   3.06685707e+00   2.86391789e+00 
 -4.72121966e+00   3.16736627e+00   2.46901851e+00  -3.78247657e+00 
 -3.49314768e+00  -9.70627649e-01  -1.72454250e+00  -3.38299011e+00 
  4.51280331e+00  -2.24265565e+00  -5.57924837e-01  -1.47223658e+00 
  3.15851346e+00  -5.12299082e-01   2.34214264e+00  -4.47302226e+00 
  3.47466160e+00  -6.16691000e-01  -3.70431630e+00  -3.81150842e+00 
  1.22224199e+00   3.82707420e+00  -4.10592404e+00  -2.41845430e+00 
  1.90595797e-01  -1.34620529e+00   3.13496463e+00   1.26198285e+00 
 -2.81868780e+00   4.06103062e+00   2.38289626e+00  -1.55284827e+00 
 -4.17135039e+00  -3.50003021e+00   8.42361060e-01  -1.49276973e+00 
  3.70044536e+00   4.96701501e-01  -3.53219942e+00   9.07672075e-01 
  4.73774011e+00   4.31711437e+00   2.73677112e-01   4.43893120e+00 
 -3.89724138e-01  -2.24287754e+00   4.30753082e+00  -2.18015926e+00 
 -1.10766420e+00  -4.57147350e+00  -4.88036744e+00  -2.39072403e+00 
 -2.31488783e+00  -5.63938698e-01  -1.87425250e+00  -4.18851910e+00 
 -3.10167596e+00  -9.60807541e-01   3.34279592e+00   1.22187550e+00 
 -1.95746504e-01   4.64263106e+00  -2.69152250e+00  -3.28278031e+00 
 -1.51602336e+00   7.07022406e-02  -3.09963748e+00   2.13643983e+00 
 -1.04699232e+00  -4.46301567e+00   4.45027006e+00   1.82415490e+00 
  4.60663406e+00  -1.89153943e+00   6.18465595e-01  -4.40461374e+00 
  2.10391675e+00   6.84200555e-01   1.69822200e+00   2.88691582e+00 
 -3.18404133e+00  -1.76532042e+00   2.83903614e+00  -1.94086520e+00 
 -4.34667121e+00   2.39913952e+00  -1.84916128e+00  -3.82919331e+00 
  2.18832383e+00  -4.01111598e+00  -2.38863022e+00   4.75936371e+00 
 -3.76536147e+00   3.41530649e-02   1.96491345e+00  -2.40919324e+00 
  4.17429096e+00  -2.29564443e+00  -3.62218194e+00  -2.17376861e+00 
  1.05159970e+00   4.48444161e+00   2.16133695e+00  -3.67943699e+00 
  4.60268552e+00  -4.27025245e+00  -2.15534428e+00   1.32708482e+00 
  2.81680696e+00   4.24921520e+00   3.99092678e+00  -4.55657128e+00 
 -4.25990350e+00  -1.94348395e+00  -1.70093816e+00  -4.01483135e+00 
 -5.83183604e-01   1.87689605e+00  -7.34116749e-01   2.12082033e+00 
 -3.70375961e+00   3.50834743e+00  -3.31991254e+00   1.15609903e+00 
 -1.35020301e+00   4.26110197e+00   2.99415562e+00   3.98507866e-01 
 -3.82261081e+00  -1.04535788e+00   4.54664287e+00  -1.70478374e+00 
 -2.52047174e+00  -2.47170351e-02  -3.38318135e+00   5.85978804e-01 
 -2.14316705e+00  -2.75208270e-01  -3.12702324e+00   2.10666748e+00 
 -1.54025567e+00   1.57724137e+00   3.63764944e+00  -4.71915673e+00 
 -3.14493110e+00   2.60442710e+00   4.98707804e+00  -1.75172986e+00 
  1.94633060e+00   1.21030963e+00  -1.97099790e+00  -3.58870190e+00 
  3.36557898e+00   2.19465532e+00   2.93719974e+00  -8.66440882e-01 
  2.75492048e+00   3.13195851e+00  -4.78169095e+00  -4.83142546e+00 
 -7.91688412e-02  -6.64571650e-01   4.17888137e+00  -1.64165336e+00 
  4.90265379e+00   2.84954427e+00  -2.31389524e+00  -2.18285118e+00 
  7.36689343e-01  -1.10617534e+00  -9.83303539e-01   2.79527888e+00 
 -2.61806900e-01  -3.49234466e+00   3.77202445e+00  -7.00801543e-01 
 -2.32071649e+00   2.79034596e+00  -8.40350481e-01   1.98224653e+00 
 -4.12211767e+00  -3.49337094e+00   1.31249256e-01  -1.86413175e+00 
 -3.72393037e+00   1.00946698e+00   8.72860858e-01   2.19038777e+00 
 -4.11162848e+00  -2.02875832e+00   4.21872671e+00   3.02287919e+00 
 -2.32211343e+00  -1.04112968e+00  -1.16849560e+00  -3.57709312e+00 
  7.96255867e-02  -3.93068589e+00  -3.94715248e+00   4.08039287e-01 
 -3.25759221e+00  -1.71819122e+00   3.97163692e+00   1.58974852e-01 
  3.68595708e+00   3.43356574e-01   2.51516413e+00  -4.66050480e+00 
  9.88474294e-01  -1.33298380e+00   2.45515783e+00  -2.65003879e+00 
 -4.10601684e+00  -1.60169731e+00  -1.65283234e+00   1.85947826e+00 
 -4.31941377e+00   2.12582749e+00   2.51648697e+00  -3.12179743e+00 
 -3.39144657e+00   1.75852613e+00   4.41961844e+00  -1.97960798e+00 
  3.67476628e+00  -1.42707168e+00   3.72428884e+00   3.10559015e+00 
  3.03961640e-02   2.62105482e+00   3.05264522e+00  -4.71465491e+00 
 -4.22138134e+00  -1.90388760e+00  -1.10239806e+00   3.65114224e+00 
  2.14979177e+00   2.03999985e+00  -2.73978525e+00   4.09101113e+00 
  5.34700791e-01  -3.94227559e+00  -1.55784201e+00   8.73886419e-02 
 -1.96907224e+00  -3.83487809e+00  -7.86239119e-01  -2.04537139e-01 
 -3.76059107e+00  -5.64516651e-01  -3.59112624e+00  -2.01220847e+00 
  4.37001355e+00  -2.99464645e+00  -3.23937754e+00   2.75175012e+00 
 -2.07694145e+00  -1.13837522e+00   3.79241429e+00  -4.01851170e+00 
  3.59892671e-01  -1.26038893e+00  -3.98337523e+00  -1.84173662e+00 
  4.53593504e+00   2.54975873e+00   1.17368780e+00  -4.57959708e+00 
 -3.74343411e+00   1.09936520e+00  -1.47306987e+00   3.11290330e+00 
  2.17936466e+00  -2.95257846e+00   6.65229430e-01  -3.79006545e+00 
  8.92529485e-01  -8.75924343e-01  -4.71960107e-01  -1.72391116e+00 
 -1.91922454e+00  -2.30910080e+00  -4.32551007e-01  -3.33891462e+00 
 -2.53171574e+00  -3.83143390e+00  -2.28052151e+00   4.54224841e+00 
  4.08798792e-02   4.63781548e+00   2.12154243e+00  -3.68281003e+00 
  4.13852574e+00  -1.17859472e-01   4.42178520e+00  -4.67829180e+00 
 -1.28663313e+00  -2.00940145e+00   1.08263055e+00  -2.98573614e+00 
  4.89012900e+00   4.17066819e+00   1.48452996e+00  -2.53933116e+00 
  1.98606457e+00   4.17717492e-01   3.11646915e+00   2.59573817e+00 
  3.20874349e+00   4.34907124e+00  -3.16890308e+00   8.39490452e-01 
 -3.93163211e+00  -2.43898890e+00  -4.44298117e+00   2.29791271e+00 
 -1.45352047e+00   3.37522061e+00   3.24934382e+00   4.07260855e+00 
 -4.07915387e+00   1.72534342e-01   7.81802493e-01   4.30914011e+00 
  4.14910681e+00   1.10804740e+00   2.07607533e+00  -3.00843278e+00 
 -4.61946662e+00   1.93340484e+00   1.71661712e+00  -1.87340650e+00 
