PSUADE_IO (Note : inputs not true inputs if pdf ~=U)
2 1 100
1 1
  0.0000000000000000e+00
  0.0000000000000000e+00
  0.0000000000000000e+00
2 1
  5.0000000000000000e-01
  5.0000000000000000e-01
  1.0000000000000000e+00
3 1
  2.5000000000000000e-01
  7.5000000000000000e-01
  1.0000000000000000e+00
4 1
  7.5000000000000000e-01
  2.5000000000000000e-01
  1.0000000000000000e+00
5 1
  1.2500000000000000e-01
  6.2500000000000000e-01
  7.5000000000000000e-01
6 1
  6.2500000000000000e-01
  1.2500000000000000e-01
  7.5000000000000000e-01
7 1
  3.7500000000000000e-01
  3.7500000000000000e-01
  7.5000000000000000e-01
8 1
  8.7500000000000000e-01
  8.7500000000000000e-01
  1.7500000000000000e+00
9 1
  6.2500000000000000e-02
  9.3750000000000000e-01
  1.0000000000000000e+00
10 1
  5.6250000000000000e-01
  4.3750000000000000e-01
  1.0000000000000000e+00
11 1
  3.1250000000000000e-01
  1.8750000000000000e-01
  5.0000000000000000e-01
12 1
  8.1250000000000000e-01
  6.8750000000000000e-01
  1.5000000000000000e+00
13 1
  1.8750000000000000e-01
  3.1250000000000000e-01
  5.0000000000000000e-01
14 1
  6.8750000000000000e-01
  8.1250000000000000e-01
  1.5000000000000000e+00
15 1
  4.3750000000000000e-01
  5.6250000000000000e-01
  1.0000000000000000e+00
16 1
  9.3750000000000000e-01
  6.2500000000000000e-02
  1.0000000000000000e+00
17 1
  3.1250000000000000e-02
  5.3125000000000000e-01
  5.6250000000000000e-01
18 1
  5.3125000000000000e-01
  3.1250000000000000e-02
  5.6250000000000000e-01
19 1
  2.8125000000000000e-01
  2.8125000000000000e-01
  5.6250000000000000e-01
20 1
  7.8125000000000000e-01
  7.8125000000000000e-01
  1.5625000000000000e+00
21 1
  1.5625000000000000e-01
  1.5625000000000000e-01
  3.1250000000000000e-01
22 1
  6.5625000000000000e-01
  6.5625000000000000e-01
  1.3125000000000000e+00
23 1
  4.0625000000000000e-01
  9.0625000000000000e-01
  1.3125000000000000e+00
24 1
  9.0625000000000000e-01
  4.0625000000000000e-01
  1.3125000000000000e+00
25 1
  9.3750000000000000e-02
  4.6875000000000000e-01
  5.6250000000000000e-01
26 1
  5.9375000000000000e-01
  9.6875000000000000e-01
  1.5625000000000000e+00
27 1
  3.4375000000000000e-01
  7.1875000000000000e-01
  1.0625000000000000e+00
28 1
  8.4375000000000000e-01
  2.1875000000000000e-01
  1.0625000000000000e+00
29 1
  2.1875000000000000e-01
  8.4375000000000000e-01
  1.0625000000000000e+00
30 1
  7.1875000000000000e-01
  3.4375000000000000e-01
  1.0625000000000000e+00
31 1
  4.6875000000000000e-01
  9.3750000000000000e-02
  5.6250000000000000e-01
32 1
  9.6875000000000000e-01
  5.9375000000000000e-01
  1.5625000000000000e+00
33 1
  1.5625000000000000e-02
  7.9687500000000000e-01
  8.1250000000000000e-01
34 1
  5.1562500000000000e-01
  2.9687500000000000e-01
  8.1250000000000000e-01
35 1
  2.6562500000000000e-01
  4.6875000000000000e-02
  3.1250000000000000e-01
36 1
  7.6562500000000000e-01
  5.4687500000000000e-01
  1.3125000000000000e+00
37 1
  1.4062500000000000e-01
  4.2187500000000000e-01
  5.6250000000000000e-01
38 1
  6.4062500000000000e-01
  9.2187500000000000e-01
  1.5625000000000000e+00
39 1
  3.9062500000000000e-01
  6.7187500000000000e-01
  1.0625000000000000e+00
40 1
  8.9062500000000000e-01
  1.7187500000000000e-01
  1.0625000000000000e+00
41 1
  7.8125000000000000e-02
  2.3437500000000000e-01
  3.1250000000000000e-01
42 1
  5.7812500000000000e-01
  7.3437500000000000e-01
  1.3125000000000000e+00
43 1
  3.2812500000000000e-01
  9.8437500000000000e-01
  1.3125000000000000e+00
44 1
  8.2812500000000000e-01
  4.8437500000000000e-01
  1.3125000000000000e+00
45 1
  2.0312500000000000e-01
  6.0937500000000000e-01
  8.1250000000000000e-01
46 1
  7.0312500000000000e-01
  1.0937500000000000e-01
  8.1250000000000000e-01
47 1
  4.5312500000000000e-01
  3.5937500000000000e-01
  8.1250000000000000e-01
48 1
  9.5312500000000000e-01
  8.5937500000000000e-01
  1.8125000000000000e+00
49 1
  4.6875000000000000e-02
  2.6562500000000000e-01
  3.1250000000000000e-01
50 1
  5.4687500000000000e-01
  7.6562500000000000e-01
  1.3125000000000000e+00
51 1
  2.9687500000000000e-01
  5.1562500000000000e-01
  8.1250000000000000e-01
52 1
  7.9687500000000000e-01
  1.5625000000000000e-02
  8.1250000000000000e-01
53 1
  1.7187500000000000e-01
  8.9062500000000000e-01
  1.0625000000000000e+00
54 1
  6.7187500000000000e-01
  3.9062500000000000e-01
  1.0625000000000000e+00
55 1
  4.2187500000000000e-01
  1.4062500000000000e-01
  5.6250000000000000e-01
56 1
  9.2187500000000000e-01
  6.4062500000000000e-01
  1.5625000000000000e+00
57 1
  1.0937500000000000e-01
  7.0312500000000000e-01
  8.1250000000000000e-01
58 1
  6.0937500000000000e-01
  2.0312500000000000e-01
  8.1250000000000000e-01
59 1
  3.5937500000000000e-01
  4.5312500000000000e-01
  8.1250000000000000e-01
60 1
  8.5937500000000000e-01
  9.5312500000000000e-01
  1.8125000000000000e+00
61 1
  2.3437500000000000e-01
  7.8125000000000000e-02
  3.1250000000000000e-01
62 1
  7.3437500000000000e-01
  5.7812500000000000e-01
  1.3125000000000000e+00
63 1
  4.8437500000000000e-01
  8.2812500000000000e-01
  1.3125000000000000e+00
64 1
  9.8437500000000000e-01
  3.2812500000000000e-01
  1.3125000000000000e+00
65 1
  7.8125000000000000e-03
  6.6406250000000000e-01
  6.7187500000000000e-01
66 1
  5.0781250000000000e-01
  1.6406250000000000e-01
  6.7187500000000000e-01
67 1
  2.5781250000000000e-01
  4.1406250000000000e-01
  6.7187500000000000e-01
68 1
  7.5781250000000000e-01
  9.1406250000000000e-01
  1.6718750000000000e+00
69 1
  1.3281250000000000e-01
  3.9062500000000000e-02
  1.7187500000000000e-01
70 1
  6.3281250000000000e-01
  5.3906250000000000e-01
  1.1718750000000000e+00
71 1
  3.8281250000000000e-01
  7.8906250000000000e-01
  1.1718750000000000e+00
72 1
  8.8281250000000000e-01
  2.8906250000000000e-01
  1.1718750000000000e+00
73 1
  7.0312500000000000e-02
  3.5156250000000000e-01
  4.2187500000000000e-01
74 1
  5.7031250000000000e-01
  8.5156250000000000e-01
  1.4218750000000000e+00
75 1
  3.2031250000000000e-01
  6.0156250000000000e-01
  9.2187500000000000e-01
76 1
  8.2031250000000000e-01
  1.0156250000000000e-01
  9.2187500000000000e-01
77 1
  1.9531250000000000e-01
  9.7656250000000000e-01
  1.1718750000000000e+00
78 1
  6.9531250000000000e-01
  4.7656250000000000e-01
  1.1718750000000000e+00
79 1
  4.4531250000000000e-01
  2.2656250000000000e-01
  6.7187500000000000e-01
80 1
  9.4531250000000000e-01
  7.2656250000000000e-01
  1.6718750000000000e+00
81 1
  3.9062500000000000e-02
  1.3281250000000000e-01
  1.7187500000000000e-01
82 1
  5.3906250000000000e-01
  6.3281250000000000e-01
  1.1718750000000000e+00
83 1
  2.8906250000000000e-01
  8.8281250000000000e-01
  1.1718750000000000e+00
84 1
  7.8906250000000000e-01
  3.8281250000000000e-01
  1.1718750000000000e+00
85 1
  1.6406250000000000e-01
  5.0781250000000000e-01
  6.7187500000000000e-01
86 1
  6.6406250000000000e-01
  7.8125000000000000e-03
  6.7187500000000000e-01
87 1
  4.1406250000000000e-01
  2.5781250000000000e-01
  6.7187500000000000e-01
88 1
  9.1406250000000000e-01
  7.5781250000000000e-01
  1.6718750000000000e+00
89 1
  1.0156250000000000e-01
  8.2031250000000000e-01
  9.2187500000000000e-01
90 1
  6.0156250000000000e-01
  3.2031250000000000e-01
  9.2187500000000000e-01
91 1
  3.5156250000000000e-01
  7.0312500000000000e-02
  4.2187500000000000e-01
92 1
  8.5156250000000000e-01
  5.7031250000000000e-01
  1.4218750000000000e+00
93 1
  2.2656250000000000e-01
  4.4531250000000000e-01
  6.7187500000000000e-01
94 1
  7.2656250000000000e-01
  9.4531250000000000e-01
  1.6718750000000000e+00
95 1
  4.7656250000000000e-01
  6.9531250000000000e-01
  1.1718750000000000e+00
96 1
  9.7656250000000000e-01
  1.9531250000000000e-01
  1.1718750000000000e+00
97 1
  2.3437500000000000e-02
  3.9843750000000000e-01
  4.2187500000000000e-01
98 1
  5.2343750000000000e-01
  8.9843750000000000e-01
  1.4218750000000000e+00
99 1
  2.7343750000000000e-01
  6.4843750000000000e-01
  9.2187500000000000e-01
100 1
  7.7343750000000000e-01
  1.4843750000000000e-01
  9.2187500000000000e-01
PSUADE_IO
PSUADE
INPUT
   dimension = 2
   variable 1 X1  =   0.0000000000000000e+00   1.0000000000000000e+00
   variable 2 X2  =   0.0000000000000000e+00   1.0000000000000000e+00
END
OUTPUT
   dimension = 1
   variable 1 Y
END
METHOD
   sampling = LPTAU
   num_samples = 100
END
APPLICATION
   driver = NONE
END
ANALYSIS
   diagnostics 1
END
END
